   A   C   D   E   F   G   H   I   K   L   M   N   P   Q   R   S   T   V   W   Y   
A   2   1   0   1   -4  -1  3   -2  1   -2  -3  1   0   1   -1  0   0   -1  -14 0   
C   1   7   -10 -8  -12 -9  -10 -3  -8  -4  -7  -8  -3  -8  -10 -7  0   -3  -10 -12 
D   0   -10 4   2   -8  1   0   -5  2   -3  -3  3   -2  2   0   1   -2  -4  -24 -2  
E   1   -8  2   3   -5  2   1   -4  2   -2  -3  2   -3  2   0   2   -1  -3  -15 -1  
F   -4  -12 -8  -5  8   -7  -4  1   -6  -1  -2  -7  -12 -6  -7  -7  -7  0   -8  1   
G   -1  -9  1   2   -7  8   0   -6  1   -2  -3  1   -6  1   -1  2   2   -4  -9  -4  
H   3   -10 0   1   -4  0   4   -5  2   -1  -5  2   -4  2   0   0   0   -5  -8  2   
I   -2  -3  -5  -4  1   -6  -5  5   -4  4   1   -4  -2  -4  -6  -6  -4  5   -6  -2  
K   1   -8  2   2   -6  1   2   -4  2   0   -3  2   -5  2   1   1   1   -2  -11 -2  
L   -2  -4  -3  -2  -1  -2  -1  4   0   4   1   -1  -4  0   -2  -2  -1  4   -6  -1  
M   -3  -7  -3  -3  -2  -3  -5  1   -3  1   7   -3  -14 -2  -4  -3  -3  1   -8  -4  
N   1   -8  3   2   -7  1   2   -4  2   -1  -3  2   -5  2   0   1   0   -3  -14 -2  
P   0   -3  -2  -3  -12 -6  -4  -2  -5  -4  -14 -5  5   -4  -6  1   -1  -3  -20 -7  
Q   1   -8  2   2   -6  1   2   -4  2   0   -2  2   -4  2   1   1   -2  -3  -11 -1  
R   -1  -10 0   0   -7  -1  0   -6  1   -2  -4  0   -6  1   5   -1  -2  -5  -13 -2  
S   0   -7  1   2   -7  2   0   -6  1   -2  -3  1   1   1   -1  2   3   -2  -19 -3  
T   0   0   -2  -1  -7  2   0   -4  1   -1  -3  0   -1  -2  -2  3   6   0   -11 -4  
V   -1  -3  -4  -3  0   -4  -5  5   -2  4   1   -3  -3  -3  -5  -2  0   5   -4  -1  
W   -14 -10 -24 -15 -8  -9  -8  -6  -11 -6  -8  -14 -20 -11 -13 -19 -11 -4  9   -9  
Y   0   -12 -2  -1  1   -4  2   -2  -2  -1  -4  -2  -7  -1  -2  -3  -4  -1  -9  7   