   A   C   D   E   F   G   H   I   K   L   M   N   P   Q   R   S   T   V   W   Y   
A   5   -6  4   1   -9  -2  -7  -10 -5  2   -1  -2  -1  0   -5  -1  4   -4  -8  0   
C   -6  0   -3  0   4   -7  -9  -8  -5  0   -3  0   -7  1   3   -1  -8  -1  -4  5   
D   4   -3  3   2   -11 3   -6  -3  -1  -1  -4  1   3   0   -5  1   2   -6  -9  -8  
E   1   0   2   5   -6  2   -6  -4  -1  -3  -3  0   -4  -1  1   1   -1  -1  3   -4  
F   -9  4   -11 -6  6   -8  0   -10 -11 -8  -7  0   0   -11 -10 -9  -18 -3  -3  5   
G   -2  -7  3   2   -8  7   -10 -9  -5  -7  0   2   2   -2  0   2   -1  -10 -9  -7  
H   -7  -9  -6  -6  0   -10 7   -7  -6  -8  -11 -3  -8  -6  -7  -1  -2  -9  -9  -4  
I   -10 -8  -3  -4  -10 -9  -7  4   1   1   2   -1  -3  -1  -2  -5  -1  3   -8  -9  
K   -5  -5  -1  -1  -11 -5  -6  1   3   0   3   0   0   3   2   -1  2   -4  -2  -7  
L   2   0   -1  -3  -8  -7  -8  1   0   4   3   -3  -9  1   -1  -4  2   -3  -7  1   
M   -1  -3  -4  -3  -7  0   -11 2   3   3   3   0   1   0   0   -5  4   -6  -7  -5  
N   -2  0   1   0   0   2   -3  -1  0   -3  0   7   -1  1   0   0   -3  -3  4   -2  
P   -1  -7  3   -4  0   2   -8  -3  0   -9  1   -1  5   -1  -8  0   -5  2   -2  -8  
Q   0   1   0   -1  -11 -2  -6  -1  3   1   0   1   -1  2   3   -4  1   -5  -7  -1  
R   -5  3   -5  1   -10 0   -7  -2  2   -1  0   0   -8  3   3   1   0   -3  2   0   
S   -1  -1  1   1   -9  2   -1  -5  -1  -4  -5  0   0   -4  1   4   -1  -1  1   -8  
T   4   -8  2   -1  -18 -1  -2  -1  2   2   4   -3  -5  1   0   -1  3   -4  -5  -11 
V   -4  -1  -6  -1  -3  -10 -9  3   -4  -3  -6  -3  2   -5  -3  -1  -4  4   -1  -4  
W   -8  -4  -9  3   -3  -9  -9  -8  -2  -7  -7  4   -2  -7  2   1   -5  -1  11  -5  
Y   0   5   -8  -4  5   -7  -4  -9  -7  1   -5  -2  -8  -1  0   -8  -11 -4  -5  5