   A   C   D   E   F   G   H   I   K   L   M   N   P   Q   R   S   T   V   W   Y   
A   5   -1  1   0   -5  0   -2  -3  0   -5  2   1   1   0   -1  0   0   -1  -4  -7  
C   -1  3   1   -3  1   -2  -2  0   0   -2  0   0   0   -1  0   2   0   -2  -1  1   
D   1   1   3   3   -7  1   -1  -3  1   -5  -1  2   1   2   -1  0   0   -3  -2  -6  
E   0   -3  3   5   -10 -1  -3  -2  2   -5  -1  0   -1  2   -1  -1  0   -4  -5  -8  
F   -5  1   -7  -10 7   -5  -1  -6  -4  -3  -2  -4  -6  -6  -4  -7  -6  -2  1   2   
G   0   -2  1   -1  -5  6   -5  -4  0   -5  -4  2   1   0   0   0   0   -6  -3  -5  
H   -2  -2  -1  -3  -1  -5  5   -6  -1  -5  0   0   -3  -1  -2  -2  -1  -3  -1  3   
I   -3  0   -3  -2  -6  -4  -6  5   -1  1   -3  -4  0   -2  -2  -4  -3  3   -6  -5  
K   0   0   1   2   -4  0   -1  -1  3   -4  0   1   0   2   2   0   1   -3  -3  -5  
L   -5  -2  -5  -5  -3  -5  -5  1   -4  5   3   -5  -1  -3  -2  -5  -5  -1  -3  -4  
M   2   0   -1  -1  -2  -4  0   -3  0   3   1   -1  0   0   1   -1  0   -2  -2  -3  
N   1   0   2   0   -4  2   0   -4  1   -5  -1  2   2   2   0   1   1   -2  -3  -4  
P   1   0   1   -1  -6  1   -3  0   0   -1  0   2   5   2   -2  1   0   -1  -4  -5  
Q   0   -1  2   2   -6  0   -1  -2  2   -3  0   2   2   2   1   0   1   -2  -2  -5  
R   -1  0   -1  -1  -4  0   -2  -2  2   -2  1   0   -2  1   5   -2  0   -3  -1  -3  
S   0   2   0   -1  -7  0   -2  -4  0   -5  -1  1   1   0   -2  4   3   -2  -5  -4  
T   0   0   0   0   -6  0   -1  -3  1   -5  0   1   0   1   0   3   3   -2  -4  -6  
V   -1  -2  -3  -4  -2  -6  -3  3   -3  -1  -2  -2  -1  -2  -3  -2  -2  6   -5  -5  
W   -4  -1  -2  -5  1   -3  -1  -6  -3  -3  -2  -3  -4  -2  -1  -5  -4  -5  10  -3  
Y   -7  1   -6  -8  2   -5  3   -5  -5  -4  -3  -4  -5  -5  -3  -4  -6  -5  -3  6

3. Quelques Exemples d'alignement pour des séquences d'une même 