   A   C   D   E   F   G   H   I   K   L   M   N   P   Q   R   S   T   V   W   Y   
A   6   -2  1   0   -6  -1  -2  -4  0   -5  1   0   1   0   -1  0   0   -1  -5  -7  
C   -2  3   1   -3  1   -3  -2  0   0   -1  0   0   -1  -1  0   3   0   -2  -3  2   
D   1   1   3   2   -5  0   -1  -3  1   -5  -1  2   1   2   -1  0   0   -3  -4  -6  
E   0   -3  2   5   -9  -1  -3  -2  1   -5  -1  0   -1  2   -2  -1  -1  -3  -6  -7  
F   -6  1   -5  -9  7   -5  0   -7  -4  -3  -2  -4  -7  -7  -4  -7  -6  -2  0   3   
G   -1  -3  0   -1  -5  6   -5  -4  0   -6  -5  1   0   0   0   0   -1  -6  -5  -5  
H   -2  -2  -1  -3  0   -5  6   -6  -1  -5  -1  0   -2  -1  -3  -2  -1  -3  -1  3   
I   -4  0   -3  -2  -7  -4  -6  6   -2  2   -1  -3  0   -2  -2  -4  -3  3   -7  -5  
K   0   0   1   1   -4  0   -1  -2  2   -3  0   1   1   2   1   0   1   -3  -4  -4  
L   -5  -1  -5  -5  -3  -6  -5  2   -3  5   3   -5  -2  -3  -2  -5  -5  -2  -4  -4  
M   1   0   -1  -1  -2  -5  -1  -1  0   3   2   0   0   1   1   -2  -1  -2  -2  -4  
N   0   0   2   0   -4  1   0   -3  1   -5  0   2   2   2   0   1   1   -2  -3  -4  
P   1   -1  1   -1  -7  0   -2  0   1   -2  0   2   5   2   -3  1   0   -1  -3  -5  
Q   0   -1  2   2   -7  0   -1  -2  2   -3  1   2   2   2   0   0   1   -2  -3  -4  
R   -1  0   -1  -2  -4  0   -3  -2  1   -2  1   0   -3  0   5   -2  -1  -3  -3  -4  
S   0   3   0   -1  -7  0   -2  -4  0   -5  -2  1   1   0   -2  4   3   -2  -5  -5  
T   0   0   0   -1  -6  -1  -1  -3  1   -5  -1  1   0   1   -1  3   3   -1  -5  -5  
V   -1  -2  -3  -3  -2  -6  -3  3   -3  -2  -2  -2  -1  -2  -3  -2  -1  6   -5  -5  
W   -5  -3  -4  -6  0   -5  -1  -7  -4  -4  -2  -3  -3  -3  -3  -5  -5  -5  10  -4  
Y   -7  2   -6  -7  3   -5  3   -5  -4  -4  -4  -4  -5  -4  -4  -5  -5  -5  -4  6   